2.0
1.25
0.9375
0.796875
0.73046875
0.6982421875
0.682373046875
0.67449951171875
0.6705780029296875
0.6686210632324219
0.6676435470581055
0.6671550273895264
0.6669108271598816
0.6667887419462204
0.6667277030646801
0.6666971845552325
0.6666819255333394
0.6666742960806005
0.6666704813687829
0.6666685740154976
0.666667620341212
0.6666671435042586
0.6666669050855788
0.666666785876157
0.6666667262714183
0.6666666964690482
0.6666666815678368
0.6666666741171996
0.6666666703919946
0.666666668529251
0.6666666675979687
0.6666666666667067